structure(list(precio = c(5e+06, 5200000, 4300000, 5780000, 4500000, 
4500000, 3800000), km = c(135000, 197, 222200, 220000, 120000, 
160000, 1e+05), año = c(2010L, 2002L, 1998L, 2002L, 2004L, 2004L, 
1967L), modelo = c(" Jeep Grand Cherokee 4.7 Limited Auto", " Jeep Cherokee ", 
" Jeep Grand Cherokee ", " Jeep Grand Cherokee Laredo", " Jeep Grand Cherokee ", 
" Jeep Grand Cherokee ", " Jeep Willys "), trans = c("Automática", 
"Automática", "Automática", "Automática", "Automática", "Automática", 
"Manual"), combu = c("Bencina", "Bencina", "Bencina", "Bencina", 
"Bencina", "Bencina", "Bencina"), modelo2 = c("Jeep Grand Cherokee", 
"Jeep Cherokee", "Jeep Grand Cherokee", "Jeep Grand Cherokee", 
"Jeep Grand Cherokee", "Jeep Grand Cherokee", "Jeep Willys"), 
    ano = c(2010L, 2002L, 1998L, 2002L, 2004L, 2004L, 1967L)), row.names = c("586", 
"605", "609", "616", "745", "764", "767"), class = "data.frame")
